5
23
26
30
32
47
50
71
99
117
190
192
243
260
284
286
302
319
336
341
354
364
366
368
409
412
425
436
458
479
483
490
504
513
568
592
617
631
675
684
704
730
751
764
777
781
820
823
830
843
863
912
917
921
925
964
974
978
1007
1017
1021
1039
1070
1073
1092
1104
1120
1134
1178
1189
1201
1206
1223
1266
1273
1285
1324
1328
1344
1347
1351
1355
1359
1369
1377
1386
1408
1443
1450
1458
1463
1473
1482
1545
1547
1580
1590
1620
1625
1633
1643
1714
1739
1801
1856
1866
1898
1908
1915
1926
1933
1941
1975
2032
2046
2049
2051
2079
2102
2168
2176
2217
2223
2230
2263
2276
2321
2345
2362
2392
2410
2422
2434
2456
2468
2475
2480
2491
2530
2550
2560
2564
2611
2628
2658
2671
2748
2758
2761
2858
2875
2880
2909
2926
2932
2941
2981
3032
3052
3091
3109
3117
3124
3132
3159
3176
3187
3217
3257
3281
3290
3335
3355
3358
3360
3375
3425
3429
3450
3479
3502
3551
3565
3568
3578
3624
3630
3638
3659
3686
3688
3708
3743
3767
3770
3801
3817
3833
3872
3876
3902
3951
3954
3971
3978
4012
4033
4043
4053
4110
4135
4160
4218
4234
4240
4253
4287
4305
4411
4431
4434
4466
4474
4514
4552
4560
4573
4581
4595
4600
4606
4661
4664
4672
4683
4691
4694
4718
4740
4747
4753
4800
4807
4878
4898
4922
4945
4980
4989
5011
5015
5037
5089
5096
5108
5122
5141
5166
5197
5225
5230
5236
5252
5257
5264
5307
5332
5364
5387
5394
5414
5445
5453
5460
5469
5490
5496
5508
5519
5553
5560
5575
5592
5636
5652
5694
5709
5723
5752
5756
5777
5859
5869
5952
6010
6017
6107
6127
6137
6171
6197
6237
6240
6261
6280
6320
6329
6362
6373
6377
6393
6424
6448
6452
6463
6474
6494
6496
6513
6524
6538
6552
6555
6609
6630
6635
6637
6686
6703
6712
6752
6766
6799
6805
6812
6817
6833
6840
6848
6852
6883
6906
6908
6938
6977
6985
6992
7008
7032
7040
7066
7072
7085
7180
7194
7240
7250
7290
7302
7304
7360
7367
7390
7409
7434
7437
7450
7461
7502
7519
7535
7544
7546
7551
7621
7623
7640
7703
7712
7722
7729
7744
7752
7772
7785
7805
7868
7875
7881
7888
7898
7909
7933
7939
7942
7950
7990
8013
8042
8062
8064
8066
8068
8112
8125
8139
8183
8192
8197
8212
8214
8219
8250
8272
8294
8318
8341
8349
8359
8390
8406
8418
8420
8448
8513
8520
8527
8532
8567
8573
8590
8615
8629
8633
8649
8668
8680
8724
8732
8739
8755
8795
8801
8825
8886
8909
8927
8932
8938
8956
8982
8995
9003
9021
9037
9056
9067
9116
9125
9168
9193
9202
9218
9314
9344
9364
9395
9409
9420
9442
9486
9499
9526
9532
9608
9634
9655
9702
9742
9748
9766
9783
9798
9808
9871
9877
9880
9924
9939
9964
9966
10045
10063
10089
10105
10115
10121
10249
10253
10266
10268
10274
10284
10309
10375
10378
10386
10420
10440
10444
10452
10454
10464
10496
10506
10513
10517
10535
10556
10568
10596
10598
10600
10602
10613
10622
10626
10647
10678
10681
10694
10697
10793
10803
10814
10832
10846
10912
10945
10956
10967
10971
10984
10988
11017
11049
11066
11093
11099
11120
11132
11141
11143
11146
11150
11198
11202
11233
11265
11282
11300
11305
11340
11359
11361
11374
11381
11391
11434
11450
11468
11478
11501
11512
11525
11529
11532
11535
11555
11559
11564
11574
11649
11658
11692
11693
11702
11723
11733
11775
11778
11797
11806
11862
11877
11896
11901
11906
11977
11986
12012
12018
12025
12035
12052
12059
12077
12085
12109
12128
12148
12159
12175
12217
12227
12236
12247
12288
12294
12310
12332
12351
12355
12361
12400
12403
12426
12458
12477
12528
12598
12610
12612
12617
12631
12686
12699
12704
12718
12809
12813
12815
12821
12831
12841
12876
12908
12910
12922
13016
13032
13179
13190
13199
13205
13229
13256
13296
13330
13341
13375
13437
13469
13489
13503
13508
13520
13524
13590
13600
13602
13610
13649
13661
13667
13673
13694
13697
13713
13780
13784
13830
13853
13857
13933
13951
13955
13965
13973
13976
14017
14035
14041
14063
14144
14148
14155
14161
14172
14228
14270
14274
14287
14294
14338
14341
14353
14409
14412
14420
14434
14451
14454
14504
14506
14536
14570
14600
14618
14688
14705
14715
14730
14792
14804
14820
14860
14874
14883
14903
14918
14936
14995
15023
15034
15098
15111
15133
15164
15171
15181
15228
15243
15245
15247
15260
15276
15328
15332
15372
15374
15380
15438
15448
15481
15501
15509
15511
15536
15552
15581
15660
15675
15684
15689
15717
15728
15738
15758
15814
15830
15837
15846
15864
15879
15888
15892
15897
15936
15949
15957
15999
16014
16019
16026
16045
16049
16060
16078
16102
16126
16134
16144
16154
16179
16184
16201
16241
16244
16270
16275
16294
16297
16314
16339
16371
16378
16385
16388
16394
16397
16419
16428
16429
16434
16446
16460
16463
16488
16493
16523
16542
16544
16584
16593
16605
16607
16626
16656
16668
16683
16716
16722
16729
16764
16809
16834
16839
16873
16883
16895
16918
16923
16947
16963
16975
16979
16981
17004
17023
17034
17038
17046
17055
17062
17073
17118
17163
17172
17185
17187
17191
17202
17205
17218
17280
17334
17390
17398
17412
17423
17477
17480
17487
17489
17493
17538
17543
17562
17584
17606
17633
17636
17694
17712
17734
17742
17807
17811
17867
17881
17884
17887
17897
17907
17931
17959
17965
17982
17984
17993
18005
18067
18071
18095
18112
18115
18125
18140
18160
18167
18195
18201
18212
18234
18296
18335
18339
18342
18389
18435
18454
18456
18467
18470
18538
18544
18551
18583
18601
18606
18632
18636
18645
18654
18678
18698
18732
18739
18754
18783
18795
18802
18815
18902
18905
18908
18926
18936
18977
18986
19027
19038
19040
19054
19056
19099
19109
19138
19142
19160
19258
19260
19264
19274
19285
19292
19378
19395
19407
19417
19425
19429
19470
19512
19515
19541
19561
19596
19608
19610
19626
19698
19716
19719
19728
19742
19794
19847
19868
19877
19887
19899
19963
19978
19984
19987
19992
20044
20069
20133
20149
20158
20166
20175
20178
20224
20246
20264
20281
20297
20322
20349
20361
20371
20379
20384
20403
20418
20450
20491
20496
20555
20557
20564
20570
20572
20581
20603
20621
20636
20650
20663
20675
20726
20769
20780
20783
20790
20851
20856
20869
20895
20914
20925
20941
20969
20988
21028
21040
21042
21056
21069
21102
21109
21132
21152
21154
21165
21175
21248
21275
21290
21335
21342
21359
21374
21386
21430
21445
21447
21479
21511
21524
21552
21554
21605
21620
21640
21682
21685
21701
21705
21713
21756
21829
21834
21844
21846
21849
21876
21888
21911
21958
21969
22022
22054
22074
22082
22136
22140
22163
22205
22223
22230
22237
22249
22258
22276
22307
22353
22363
22386
22407
22421
22427
22451
22455
22526
22555
22570
22586
22594
22621
22626
22629
22636
22641
22651
22700
22752
22756
22768
22787
22845
22864
22912
22932
22938
22944
23006
23022
23031
23034
23076
23089
23101
23117
23131
23133
23144
23148
23151
23200
23205
23234
23247
23260
23274
23278
23297
23344
23346
23350
23361
23367
23370
23416
23464
23467
23494
23525
23572
23594
23596
23637
23656
23670
23725
23730
23770
23785
23835
23837
23844
23849
23869
23879
23911
23928
23933
23967
23972
23974
23981
24022
24044
24062
24067
24072
24079
24111
24128
24142
24181
24183
24200
24207
24210
24240
24290
24297
24309
24373
24383
24443
24454
24456
24477
24509
24527
24531
24555
24580
24583
24609
24638
24642
24649
24652
24659
24694
24709
24711
24733
24758
24791
24802
24807
24813
24846
24853
24866
24880
24981
24993
25034
25052
25055
25060
25086
25127
25129
25161
25192
25259
25278
25332
25372
25395
25419
25421
25438
25462
25493
25520
25554
25586
25594
25620
25627
25655
25669
25683
25694
25739
25746
25796
25800
25804
25856
25875
25927
25942
25946
25975
25994
26000
26004
26039
26054
26074
26085
26095
26138
26150
26195
26228
26280
26291
26298
26303
26348
26358
26380
26391
26483
26504
26508
26522
26548
26552
26554
26564
26608
26620
26653
26674
26679
26697
26758
26771
26775
26777
26792
26824
26837
26853
26858
26905
26931
26986
27004
27046
27060
27067
27076
27081
27127
27138
27212
27218
27264
27269
27335
27350
27377
27384
27416
27458
27462
27525
27528
27529
27535
27540
27586
27609
27620
27631
27633
27642
27652
27662
27683
27693
27710
27732
27775
27817
27843
27845
27849
27862
27895
27936
27943
27959
27964
27993
28008
28033
28104
28137
28171
28189
28202
28211
28224
28234
28236
28251
28269
28276
28294
28319
28375
28387
28393
28418
28422
28441
28467
28510
28534
28554
28558
28578
28621
28642
28645
28661
28686
28716
28735
28742
28763
28768
28772
28776
28778
28797
28869
28877
28887
28912
28939
28945
28960
28986
29016
29034
29045
29090
29115
29120
29131
29146
29180
29190
29192
29239
29245
29267
29274
29279
29284
29294
29300
29318
29343
29359
29408
29420
29475
29487
29500
29530
29533
29547
29562
29586
29614
29695
29711
29749
29858
29876
29882
29885
29931
29934
29962
29986
30036
30060
30065
30068
30076
30082
30090
30149
30156
30163
30227
30229
30240
30261
30272
30286
30289
30301
30305
30312
30319
30352
30381
30426
30433
30443
30488
30503
30509
30530
30556
30574
30621
30638
30684
30695
30698
30730
30741
30783
30793
30801
30808
30812
30817
30860
30884
30950
30962
30972
31017
31039
31041
31047
31087
31090
31093
31096
31099
31106
31109
31122
31163
31184
31198
31219
31274
31305
31322
31336
31338
31377
31431
31493
31498
31521
31552
31586
31602
31611
31614
31634
31698
31706
31712
31716
31738
31740
31755
31852
31864
31868
31891
31921
31930
31960
31976
31982
31985
32082
32094
32108
32156
32179
32196
32204
32220
32235
32260
32279
32293
32308
32325
32336
32404
32434
32448
32450
32473
32480
32500
32519
32522
32540
32542
32548
32564
32571
32582
32597
32603
32623
32635
32638
32658
32682
32761
32792
32817
32820
32824
32826
32832
32846
32865
32882
32896
32913
32928
32942
32945
32976
33027
33043
33069
33083
33088
33091
33114
33130
33145
33159
33169
33175
33177
33180
33219
33227
33241
33248
33294
33301
33303
33318
33335
33343
33399
33403
33427
33442
33466
33475
33509
33517
33523
33534
33540
33543
33550
33615
33656
33674
33679
33689
33698
33775
33779
33798
33806
33808
33833
33864
33894
33922
33957
33980
33983
33987
34001
34022
34036
34043
34047
34053
34056
34097
34101
34104
34111
34136
34177
34197
34207
34219
34236
34276
34320
34338
34364
34384
34386
34398
34429
34447
34506
34508
34558
34576
34628
34643
34683
34706
34723
34732
34747
34755
34816
34838
34850
34860
34884
34963
34965
34975
34996
35009
35027
35040
35074
35096
35100
35154
35159
35163
35173
35208
35236
35240
35299
35303
35335
35365
35408
35410
35451
35483
35492
35502
35513
35518
35537
35603
35615
35635
35638
35656
35660
35665
35700
35709
35717
35722
35741
35780
35784
35819
35824
35836
35839
35868
35871
35880
35885
35929
35992
36003
36008
36035
36063
36083
36134
36191
36200
36209
36224
36235
36241
36282
36287
36299
36303
36321
36338
36394
36414
36445
36519
36526
36584
36612
36626
36630
36661
36681
36713
36716
36724
36726
36765
36784
36794
36797
36806
36810
36868
36950
36956
36966
36977
36986
37011
37037
37046
37065
37089
37094
37157
37178
37185
37198
37201
37213
37228
37231
37273
37281
37283
37290
37303
37332
37348
37353
37381
37397
37450
37467
37479
37492
37499
37512
37519
37521
37539
37588
37602
37618
37629
37632
37644
37713
37715
37731
37733
37739
37766
37791
37794
37808
37816
37840
37843
37856
37860
37904
37926
37937
37965
38004
38016
38024
38079
38101
38105
38108
38112
38157
38186
38188
38192
38260
38292
38294
38317
38321
38333
38350
38353
38357
38360
38367
38438
38447
38466
38496
38505
38508
38523
38550
38555
38577
38579
38608
38623
38631
38666
38670
38674
38684
38732
38744
38762
38784
38786
38807
38810
38825
38830
38854
38858
38872
38879
38926
38935
38990
38992
39006
39073
39090
39096
39105
39122
39147
39165
39168
39187
39217
39221
39233
39242
39267
39282
39288
39330
39376
39378
39408
39420
39512
39521
39523
39540
39591
39620
39632
39635
39647
39665
39678
39682
39741
39765
39783
39797
39809
39859
39870
39959
39965
40008
40012
40022
40057
40066
40089
40105
40121
40129
40185
40202
40207
40259
40270
40290
40292
40298
40323
40345
40365
40369
40380
40395
40415
40436
40441
40509
40530
40578
40580
40613
40619
40638
40643
40646
40669
40687
40692
40711
40755
40759
40761
40811
40817
40819
40836
40840
40864
40905
40915
40932
40934
40936
40958
40965
40984
41008
41018
41033
41075
41081
41099
41102
41106
41127
41169
41194
41198
41200
41253
41261
41301
41303
41345
41359
41411
41416
41442
41470
41510
41532
41563
41565
41586
41590
41596
41604
41664
41699
41717
41740
41769
41794
41839
41881
41902
41928
41976
42018
42026
42058
42065
42071
42097
42136
42147
42175
42182
42207
42226
42260
42272
42320
42323
42341
42380
42411
42420
42431
42434
42453
42488
42499
42515
42518
42544
42578
42617
42663
42682
42687
42690
42705
42730
42762
42831
42835
42841
42845
42847
42863
42907
42909
42923
42929
42942
42952
42970
43009
43011
43026
43039
43054
43061
43143
43152
43161
43168
43191
43195
43216
43224
43254
43258
43265
43274
43288
43307
43309
43320
43348
43351
43355
43363
43379
43422
43442
43445
43476
43497
43509
43526
43573
43601
43606
43627
43631
43656
43684
43687
43696
43705
43715
43730
43737
43762
43770
43795
43860
43915
43930
43960
43965
44010
44016
44018
44066
44084
44138
44145
44151
44153
44155
44159
44171
44184
44194
44225
44242
44246
44260
44267
44271
44294
44326
44373
44438
44451
44477
44502
44507
44554
44583
44603
44608
44611
44636
44654
44686
44693
44698
44702
44710
44744
44753
44755
44797
44842
44852
44869
44887
44893
44965
44967
44980
44985
44993
45068
45072
45129
45135
45149
45156
45199
45204
45211
45219
45221
45271
45282
45288
45304
45314
45358
45375
45400
45403
45423
45428
45495
45500
45534
45558
45607
45667
45669
45678
45683
45685
45696
45709
45711
45754
45775
45804
45817
45830
45836
45882
45884
45897
45903
45911
45927
45929
45982
46039
46051
46065
46096
46120
46126
46143
46178
46246
46259
46268
46281
46303
46307
46327
46358
46360
46372
46378
46381
46384
46393
46407
46456
46459
46469
46477
46484
46511
46531
46540
46545
46554
46571
46595
46613
46637
46665
46725
46742
46768
46774
46795
46808
46824
46835
46875
46884
46910
46923
46950
46966
47006
47018
47029
47092
47109
47132
47135
47141
47163
47165
47175
47190
47195
47230
47256
47287
47302
47307
47316
47330
47386
47417
47446
47479
47544
47561
47576
47579
47647
47660
47691
47708
47743
47759
47792
47810
47835
47858
47878
47889
47891
47932
47946
47987
47990
48055
48058
48063
48078
48088
48107
48113
48135
48186
48211
48246
48265
48269
48326
48367
48383
48390
48409
48429
48433
48439
48457
48472
48518
48521
48551
48591
48638
48650
48711
48717
48729
48758
48773
48805
48824
48839
48857
48871
48881
48886
48892
48900
48902
48968
48970
48975
48980
49081
49096
49126
49145
49206
49217
49249
49268
49270
49274
49276
49285
49289
49293
49305
49320
49334
49350
49375
49384
49402
49434
49454
49468
49480
49486
49542
49557
49568
49574
49589
49620
49632
49645
49650
49677
49691
49704
49721
49733
49747
49755
49782
49790
49805
49811
49834
49851
49867
49869
49885
49896
49916
49944
49963
49979
49987
49998
50011
50052
50058
50069
50072
50075
50129
50138
50172
50185
50188
50195
50200
50205
50244
50283
50285
50296
50326
50394
50400
50405
50410
50420
50424
50427
50432
50459
50476
50479
50488
50491
50519
50531
50542
50547
50589
50597
50615
50621
50650
